5064: [-43.971805695619075, -19.799395727075176, -43.96980569561908, -19.797395727075173]
5065: [-43.97186376656437, -19.790360295082408, -43.96986376656437, -19.788360295082406]
5066: [-43.97192180551622, -19.781324853802914, -43.96992180551622, -19.779324853802912]
5141: [-43.95899095146435, -20.00714099519474, -43.956990951464356, -20.005140995194736]
5142: [-43.959050414826905, -19.998105810599057, -43.95705041482691, -19.996105810599055]
5143: [-43.959109845646765, -19.98907061663123, -43.95710984564677, -19.98707061663123]
5144: [-43.9591692439324, -19.980035413294793, -43.957169243932405, -19.97803541329479]
5145: [-43.959228609692275, -19.971000200593295, -43.95722860969228, -19.969000200593293]
5146: [-43.95928794293483, -19.961964978530297, -43.95728794293483, -19.959964978530294]
5147: [-43.95934724366854, -19.95292974710934, -43.95734724366854, -19.95092974710934]
5148: [-43.95940651190184, -19.943894506333997, -43.957406511901844, -19.941894506333995]
5149: [-43.959465747643186, -19.9348592562078, -43.95746574764319, -19.9328592562078]
5150: [-43.959524950900985, -19.925823996734312, -43.95752495090099, -19.92382399673431]
5151: [-43.959584121683704, -19.916788727917094, -43.95758412168371, -19.91478872791709]
5152: [-43.95964325999972, -19.9077534497597, -43.95764325999973, -19.905753449759697]
5153: [-43.9597023658575, -19.89871816226568, -43.95770236585751, -19.896718162265678]
5154: [-43.95976143926542, -19.889682865438605, -43.957761439265425, -19.887682865438602]
5155: [-43.95982048023192, -19.88064755928203, -43.95782048023192, -19.878647559282026]
5156: [-43.95987948876537, -19.871612243799515, -43.95787948876537, -19.869612243799512]
5157: [-43.959938464874185, -19.86257691899462, -43.95793846487419, -19.860576918994617]
5158: [-43.959997408566736, -19.853541584870907, -43.95799740856674, -19.851541584870905]
5159: [-43.960056319851425, -19.844506241431944, -43.95805631985143, -19.84250624143194]
5160: [-43.96011519873662, -19.835470888681293, -43.95811519873662, -19.83347088868129]
5161: [-43.9601740452307, -19.826435526622507, -43.958174045230706, -19.824435526622505]
5162: [-43.960232859342035, -19.81740015525918, -43.95823285934204, -19.815400155259177]
5163: [-43.960291641078975, -19.80836477459485, -43.95829164107898, -19.806364774594847]
5164: [-43.960350390449875, -19.799329384633097, -43.95835039044988, -19.797329384633095]
5165: [-43.960409107463086, -19.790293985377485, -43.95840910746309, -19.788293985377482]
5166: [-43.96046779212696, -19.781258576831586, -43.95846779212697, -19.779258576831584]
5167: [-43.96052644444984, -19.772223158998976, -43.958526444449845, -19.770223158998974]
5243: [-43.947640937525776, -19.989002844234495, -43.94564093752578, -19.987002844234492]
5244: [-43.94770098936221, -19.97996767407369, -43.945700989362216, -19.97796767407369]
5659: [-43.902764325693425, -19.84416267314684, -43.90076432569343, -19.842162673146838]
5660: [-43.902826443638986, -19.835127489606986, -43.90082644363899, -19.833127489606984]
5661: [-43.90288852741179, -19.826092296740523, -43.900888527411794, -19.82409229674052]
5662: [-43.90295057702066, -19.81705709455101, -43.900950577020666, -19.81505709455101]
5663: [-43.903012592474404, -19.80802188304204, -43.90101259247441, -19.80602188304204]
5664: [-43.90307457378186, -19.798986662217185, -43.90107457378186, -19.796986662217183]
5747: [-43.89055018731126, -19.952512806357817, -43.88855018731127, -19.950512806357814]
5748: [-43.890613368077965, -19.943477769991294, -43.88861336807797, -19.94147776999129]
5749: [-43.89067651420808, -19.934442724251454, -43.888676514208086, -19.93244272425145]
5750: [-43.890739625710644, -19.92540766914186, -43.88873962571065, -19.923407669141856]
5751: [-43.890802702594605, -19.91637260466608, -43.88880270259461, -19.914372604666077]
5752: [-43.89086574486896, -19.907337530827697, -43.888865744868966, -19.905337530827694]
5753: [-43.890928752542685, -19.898302447630268, -43.88892875254269, -19.896302447630266]
5754: [-43.89099172562473, -19.88926735507738, -43.888991725624734, -19.887267355077377]
5755: [-43.89105466412408, -19.880232253172593, -43.88905466412408, -19.87823225317259]
5756: [-43.89111756804967, -19.87119714191949, -43.88911756804968, -19.86919714191949]
5757: [-43.89118043741046, -19.86216202132164, -43.88918043741047, -19.86016202132164]
5758: [-43.8912432722154, -19.85312689138263, -43.8892432722154, -19.851126891382627]
5759: [-43.891306072473405, -19.844091752106024, -43.88930607247341, -19.842091752106022]
5760: [-43.89136883819342, -19.835056603495403, -43.88936883819343, -19.8330566034954]
5761: [-43.891431569384366, -19.82602144555435, -43.88943156938437, -19.824021445554347]
5762: [-43.891494266055155, -19.816986278286443, -43.88949426605516, -19.81498627828644]
5763: [-43.891556928214705, -19.807951101695252, -43.88955692821471, -19.80595110169525]
5848: [-43.879148015673266, -19.943405724724617, -43.87714801567327, -19.941405724724614]
5849: [-43.87921181349031, -19.93437071431892, -43.87721181349031, -19.932370714318917]
5850: [-43.879275576322485, -19.925335694539594, -43.87727557632249, -19.923335694539592]
5058: [-43.97145659762239, -19.853608123811032, -43.9694565976224, -19.85160812381103]
5059: [-43.971514860701866, -19.844572747613444, -43.96951486070187, -19.842572747613442]
5060: [-43.97157309173829, -19.835537362107747, -43.9695730917383, -19.833537362107744]
5061: [-43.97163129073994, -19.82650196729751, -43.96963129073995, -19.824501967297508]
5062: [-43.97168945771512, -19.817466563186297, -43.96968945771513, -19.815466563186295]
5063: [-43.971747592672074, -19.80843114977766, -43.96974759267208, -19.80643114977766]
5546: [-43.91342043479349, -19.961689843794957, -43.91142043479349, -19.959689843794955]
5547: [-43.913482345363335, -19.952654747210044, -43.91148234536334, -19.95065474721004]
5548: [-43.91354422200264, -19.9436196412559, -43.91154422200265, -19.941619641255897]
5549: [-43.9136060647202, -19.934584525936085, -43.9116060647202, -19.932584525936083]
5550: [-43.913667873524844, -19.925549401254173, -43.91166787352485, -19.92354940125417]
5551: [-43.91372964842535, -19.916514267213714, -43.91172964842536, -19.91451426721371]
5552: [-43.913791389430536, -19.90747912381829, -43.91179138943054, -19.90547912381829]
5553: [-43.91385309654917, -19.89844397107145, -43.91185309654917, -19.89644397107145]
5554: [-43.91391476979005, -19.889408808976775, -43.91191476979005, -19.887408808976772]
5555: [-43.91397640916194, -19.880373637537836, -43.911976409161944, -19.878373637537834]
5556: [-43.914038014673615, -19.871338456758192, -43.91203801467362, -19.86933845675819]
5557: [-43.914099586333826, -19.86230326664142, -43.91209958633383, -19.860303266641417]
5558: [-43.91416112415136, -19.853268067191078, -43.91216112415137, -19.851268067191075]
5559: [-43.91422262813496, -19.844232858410766, -43.91222262813496, -19.842232858410764]
5560: [-43.91428409829335, -19.835197640304024, -43.912284098293355, -19.83319764030402]
5561: [-43.9143455346353, -19.82616241287445, -43.91234553463531, -19.824162412874447]
5562: [-43.91440693716954, -19.817127176125616, -43.91240693716954, -19.815127176125614]
5563: [-43.91446830590478, -19.808091930061085, -43.91246830590478, -19.806091930061083]
5564: [-43.914529640849764, -19.799056674684444, -43.91252964084977, -19.79705667468444]
5646: [-43.90195367865244, -19.961619208816714, -43.899953678652444, -19.95961920881671]
5647: [-43.9020162416499, -19.952584146848004, -43.90001624164991, -19.950584146848]
5648: [-43.90207877035932, -19.94354907550626, -43.90007877035932, -19.94154907550626]
5649: [-43.902141264789556, -19.934513994795036, -43.90014126478956, -19.932513994795034]
5650: [-43.902203724949565, -19.92547890471791, -43.90020372494957, -19.923478904717907]
5651: [-43.9022661508482, -19.91644380527844, -43.9002661508482, -19.914443805278438]
5652: [-43.90232854249437, -19.907408696480207, -43.90032854249437, -19.905408696480205]
5653: [-43.90239089989693, -19.898373578326765, -43.900390899896934, -19.896373578326763]
5654: [-43.902453223064775, -19.889338450821686, -43.90045322306478, -19.887338450821684]
5655: [-43.90251551200678, -19.880303313968554, -43.900515512006784, -19.87830331396855]
5656: [-43.902577766731795, -19.871268167770932, -43.9005777667318, -19.86926816777093]
5657: [-43.90263998724866, -19.86223301223238, -43.90063998724867, -19.860233012232378]
5658: [-43.90270217356627, -19.853197847356494, -43.90070217356627, -19.85119784735649]
5457: [-43.92555923415247, -19.862372784535346, -43.92355923415248, -19.860372784535343]
5458: [-43.925620123457335, -19.853337550873, -43.92362012345734, -19.851337550872998]
5851: [-43.87933930417885, -19.916300665390207, -43.877339304178854, -19.914300665390204]
5852: [-43.879402997068475, -19.907265626874334, -43.87740299706848, -19.905265626874332]
5853: [-43.87946665500043, -19.898230578995538, -43.87746665500043, -19.896230578995535]
5856: [-43.87965741914087, -19.871125379217432, -43.877657419140874, -19.86912537921743]
5857: [-43.87972093733269, -19.86209029392274, -43.8777209373327, -19.860090293922738]
5858: [-43.87978442061208, -19.85305519928302, -43.87778442061209, -19.851055199283017]
5859: [-43.87984786898808, -19.844020095301843, -43.877847868988084, -19.84202009530184]
5860: [-43.879911282469685, -19.834984981982792, -43.87791128246969, -19.83298498198279]
5861: [-43.87997466106593, -19.82594985932945, -43.877974661065934, -19.82394985932945]
5862: [-43.88003800478583, -19.8169147273454, -43.878038004785836, -19.814914727345396]
5863: [-43.88010131363837, -19.80787958603422, -43.878101313638375, -19.805879586034216]
5949: [-43.86774716315079, -19.934297965011194, -43.86574716315079, -19.93229796501119]
5950: [-43.86781157729949, -19.925262980924863, -43.865811577299496, -19.92326298092486]
5951: [-43.867875956115185, -19.916227987464552, -43.86587595611519, -19.91422798746455]
5957: [-43.86826148752882, -19.862017830049354, -43.866261487528824, -19.86001783004935]
5958: [-43.868325619269676, -19.852982771071336, -43.86632561926968, -19.850982771071333]
5959: [-43.868389715750666, -19.843947702747958, -43.86638971575067, -19.841947702747955]
5960: [-43.86845377698088, -19.834912625082804, -43.86645377698088, -19.832912625082802]
5961: [-43.86851780296944, -19.82587753807947, -43.86651780296945, -19.82387753807947]
5962: [-43.868581793725475, -19.81684244174153, -43.86658179372548, -19.81484244174153]
6057: [-43.8568020885123, -19.8619446297153, -43.85480208851231, -19.859944629715297]
6058: [-43.85686686870148, -19.85290960676138, -43.854866868701485, -19.850909606761377]
6061: [-43.85706099560783, -19.8258044818182, -43.855060995607836, -19.823804481818197]
5459: [-43.92568097928476, -19.84430230788441, -43.92368097928477, -19.842302307884406]
5460: [-43.92574180164341, -19.835267055573144, -43.923741801643416, -19.833267055573142]
5461: [-43.92580259054193, -19.826231793942778, -43.92380259054193, -19.824231793942776]
5462: [-43.92586334598896, -19.817196522996884, -43.92386334598896, -19.81519652299688]
5463: [-43.92592406799312, -19.808161242739033, -43.92392406799313, -19.80616124273903]
5464: [-43.92598475656309, -19.7991259531728, -43.923984756563094, -19.7971259531728]
5545: [-43.91335849028429, -19.970724931007076, -43.91135849028429, -19.968724931007074]
4740: [-44.004815402936714, -20.016440230717112, -44.00281540293672, -20.01444023071711]
4741: [-44.00487228023026, -20.00740492638215, -44.002872280230264, -20.00540492638215]
5347: [-43.93641469885532, -19.95279372749592, -43.93441469885533, -19.950793727495917]
5348: [-43.936475271316475, -19.943758553405484, -43.93447527131648, -19.94175855340548]
5349: [-43.93653581057075, -19.93472336995687, -43.93453581057076, -19.932723369956868]
5350: [-43.93659631662679, -19.92568817715363, -43.934596316626795, -19.92368817715363]
5351: [-43.93665678949319, -19.916652974999344, -43.9346567894932, -19.914652974999342]
5352: [-43.936717229178576, -19.90761776349756, -43.93471722917858, -19.905617763497556]
5353: [-43.93677763569155, -19.898582542651845, -43.93477763569155, -19.896582542651842]
5354: [-43.936838009040684, -19.88954731246575, -43.93483800904069, -19.88754731246575]
5355: [-43.9368983492346, -19.880512072942857, -43.93489834923461, -19.878512072942854]
5356: [-43.936958656281874, -19.871476824086724, -43.93495865628188, -19.86947682408672]
5357: [-43.93701893019109, -19.862441565900912, -43.93501893019109, -19.86044156590091]
5358: [-43.93707917097082, -19.853406298388993, -43.93507917097082, -19.85140629838899]
5359: [-43.9371393786296, -19.844371021554533, -43.93513937862961, -19.84237102155453]
5360: [-43.93719955317606, -19.835335735401095, -43.93519955317606, -19.833335735401093]
5361: [-43.93725969461869, -19.82630043993226, -43.93525969461869, -19.82430043993226]
5362: [-43.93731980296609, -19.817265135151597, -43.93531980296609, -19.815265135151595]
5363: [-43.93737987822677, -19.808229821062675, -43.935379878226776, -19.806229821062672]
5364: [-43.937439920409275, -19.799194497669053, -43.93543992040928, -19.79719449766905]
5445: [-43.924825948095965, -19.97079485973793, -43.92282594809597, -19.968794859737926]
5446: [-43.92488723980724, -19.961759738268704, -43.922887239807245, -19.9597597382687]
5447: [-43.92494849793676, -19.95272460743046, -43.922948497936765, -19.95072460743046]
5448: [-43.92500972249326, -19.943689467226747, -43.92300972249326, -19.941689467226745]
5449: [-43.92507091348545, -19.93465431766114, -43.923070913485454, -19.932654317661136]
5450: [-43.92513207092207, -19.925619158737177, -43.92313207092207, -19.923619158737175]
5451: [-43.92519319481179, -19.916583990458445, -43.923193194811795, -19.914583990458443]
5452: [-43.92525428516333, -19.907548812828505, -43.92325428516333, -19.905548812828503]
5453: [-43.92531534198539, -19.898513625850907, -43.92331534198539, -19.896513625850904]
5454: [-43.92537636528665, -19.88947842952923, -43.92337636528666, -19.887478429529228]
5455: [-43.9254373550758, -19.88044322386703, -43.923437355075805, -19.878443223867027]
5456: [-43.925498311361515, -19.87140800886788, -43.92349831136152, -19.86940800886788]
4635: [-44.01600492839585, -20.061680926894965, -44.014004928395856, -20.059680926894963]
4636: [-44.01606130492777, -20.052645638032192, -44.01406130492777, -20.05064563803219]
4637: [-44.016117650659034, -20.043610339793748, -44.01411765065904, -20.041610339793746]
4638: [-44.016173965597694, -20.034575032183152, -44.0141739655977, -20.03257503218315]
4639: [-44.01623024975175, -20.02553971520395, -44.014230249751755, -20.02353971520395]
4640: [-44.01628650312925, -20.016504388859683, -44.014286503129256, -20.01450438885968]
4641: [-44.01634272573823, -20.00746905315388, -44.01434272573823, -20.005469053153877]
4642: [-44.016398917586656, -19.998433708090076, -44.01439891758666, -19.996433708090073]
4643: [-44.01645507868259, -19.989398353671813, -44.014455078682595, -19.98739835367181]
4644: [-44.01651120903401, -19.980362989902634, -44.01451120903401, -19.97836298990263]
4645: [-44.01656730864891, -19.971327616786077, -44.014567308648914, -19.969327616786074]
4646: [-44.01662337753529, -19.962292234325673, -44.014623377535294, -19.96029223432567]
4647: [-44.01667941570115, -19.953256842524972, -44.01467941570115, -19.95125684252497]
4648: [-44.016735423154465, -19.944221441387523, -44.01473542315447, -19.94222144138752]
4649: [-44.0167913999032, -19.935186030916853, -44.0147913999032, -19.93318603091685]
4650: [-44.01684734595535, -19.926150611116515, -44.01484734595535, -19.924150611116513]
4651: [-44.01690326131886, -19.917115181990063, -44.014903261318864, -19.91511518199006]
4652: [-44.01695914600171, -19.908079743541027, -44.014959146001715, -19.906079743541024]
4653: [-44.017015000011845, -19.899044295772974, -44.01501500001185, -19.89704429577297]
4654: [-44.01707082335721, -19.89000883868943, -44.01507082335721, -19.888008838689426]
4655: [-44.01712661604575, -19.880973372293955, -44.015126616045755, -19.878973372293952]
4656: [-44.017182378085415, -19.871937896590097, -44.01518237808542, -19.869937896590095]
4657: [-44.017238109484126, -19.862902411581405, -44.01523810948413, -19.860902411581403]
4658: [-44.017293810249825, -19.853866917271443, -44.01529381024983, -19.85186691727144]
4659: [-44.01734948039043, -19.844831413663748, -44.015349480390434, -19.842831413663745]
4660: [-44.01740511991385, -19.835795900761873, -44.01540511991386, -19.83379590076187]
4661: [-44.017460728828006, -19.82676037856938, -44.01546072882801, -19.824760378569376]
4735: [-44.00453054940496, -20.061616611846176, -44.002530549404966, -20.059616611846174]
4736: [-44.0045875824136, -20.052581354371586, -44.002587582413604, -20.050581354371584]
4737: [-44.004644584262955, -20.043546087517846, -44.00264458426296, -20.041546087517844]
4738: [-44.00470155496118, -20.0345108112885, -44.002701554961185, -20.032510811288496]
4739: [-44.0047584945164, -20.02547552568707, -44.00275849451641, -20.02347552568707]
5056: [-43.97133997530116, -19.871678848267628, -43.96933997530117, -19.869678848267625]
5057: [-43.971398302491586, -19.862643490696946, -43.96939830249159, -19.860643490696944]
4243: [-44.06233206510136, -19.98964719262805, -44.06033206510136, -19.987647192628046]
4244: [-44.06238558089726, -19.98061170704762, -44.06038558089727, -19.978611707047616]
4245: [-44.06243906738821, -19.971576212133225, -44.06043906738822, -19.969576212133223]
4341: [-44.05075432597006, -20.007656978812253, -44.048754325970066, -20.00565697881225]
4342: [-44.05080855477054, -19.998621541825134, -44.048808554770545, -19.99662154182513]
4343: [-44.05086275389271, -19.9895860954937, -44.04886275389271, -19.987586095493697]
4344: [-44.0509169233443, -19.98055063982148, -44.04891692334431, -19.978550639821478]
4345: [-44.05097106313304, -19.971515174812, -44.048971063133045, -19.969515174812]
4439: [-44.03917389266119, -20.02566586474215, -44.037173892661194, -20.02366586474215]
4440: [-44.03922883591854, -20.01663047673892, -44.03722883591855, -20.01463047673892]
4441: [-44.03928374912386, -20.007595079380955, -44.037283749123866, -20.005595079380953]
4442: [-44.03933863228499, -19.9985596726718, -44.03733863228499, -19.996559672671797]
4443: [-44.039393485409704, -19.989524256614988, -44.03739348540971, -19.987524256614986]
4444: [-44.03944830850587, -19.980488831214046, -44.03744830850587, -19.978488831214044]
4538: [-44.027646420564, -20.0346385095534, -44.025646420564, -20.032638509553397]
4539: [-44.02770204930535, -20.025603161559687, -44.02570204930535, -20.023603161559684]
4540: [-44.02775764762848, -20.01656780420432, -44.02575764762849, -20.01456780420432]
4541: [-44.027813215541336, -20.007532437490845, -44.02581321554134, -20.005532437490842]
4542: [-44.02786875305182, -19.998497061422796, -44.025868753051824, -19.996497061422794]
4543: [-44.027924260167836, -19.989461676003707, -44.02592426016784, -19.987461676003704]
4544: [-44.02797973689732, -19.980426281237115, -44.02597973689733, -19.978426281237113]
4545: [-44.02803518324818, -19.971390877126563, -44.02603518324818, -19.96939087712656]
4548: [-44.02820134010786, -19.94428460876649, -44.02620134010787, -19.94228460876649]
4549: [-44.02825666502312, -19.93524916731547, -44.026256665023126, -19.933249167315466]
4550: [-44.028311959599186, -19.926213716538182, -44.02631195959919, -19.92421371653818]
4551: [-44.02836722384393, -19.917178256438177, -44.026367223843934, -19.915178256438175]
4552: [-44.028422457765245, -19.908142787019003, -44.02642245776525, -19.906142787019]
4553: [-44.02847766137096, -19.899107308284194, -44.02647766137096, -19.89710730828419]
4556: [-44.02864309037319, -19.872000816221444, -44.02664309037319, -19.87000081622144]
4557: [-44.028698172795096, -19.862965300259578, -44.0266981727951, -19.860965300259576]
4950: [-43.982453772231736, -19.92595685989253, -43.98045377223174, -19.923956859892527]
4951: [-43.98251164088222, -19.91692152586334, -43.98051164088223, -19.91492152586334]
4952: [-43.982569477780416, -19.907886182501148, -43.98056947778042, -19.905886182501145]
4953: [-43.982627282934544, -19.898850829809472, -43.98062728293455, -19.89685082980947]
4954: [-43.98268505635283, -19.889815467791898, -43.98068505635283, -19.887815467791896]
4955: [-43.98274279804351, -19.88078009645197, -43.980742798043515, -19.87878009645197]
4956: [-43.98280050801476, -19.87174471579324, -43.98080050801477, -19.86974471579324]
4957: [-43.98285818627485, -19.862709325819278, -43.98085818627486, -19.860709325819276]
4958: [-43.98291583283195, -19.85367392653362, -43.980915832831954, -19.851673926533618]
4959: [-43.982973447694285, -19.844638517939842, -43.98097344769429, -19.84263851793984]
4960: [-43.983031030870016, -19.835603100041507, -43.98103103087002, -19.833603100041504]
4961: [-43.983088582367344, -19.826567672842156, -43.98108858236735, -19.824567672842154]
4962: [-43.983146102194446, -19.817532236345368, -43.98114610219445, -19.815532236345366]
4963: [-43.98320359035953, -19.808496790554702, -43.981203590359534, -19.8064967905547]
4964: [-43.98326104687071, -19.79946133547372, -43.98126104687071, -19.797461335473717]
4965: [-43.98331847173621, -19.790425871105978, -43.981318471736216, -19.788425871105975]
4966: [-43.98337586496416, -19.781390397455052, -43.981375864964164, -19.77939039745505]
5041: [-43.97046121463451, -20.007208091581614, -43.968461214634516, -20.00520809158161]
5042: [-43.97052002371812, -19.99817287416608, -43.96852002371813, -19.996172874166078]
5043: [-43.970578800617055, -19.989137647382016, -43.96857880061706, -19.987137647382013]
5044: [-43.970637545339684, -19.98010241123296, -43.96863754533969, -19.978102411232957]
5045: [-43.97069625789438, -19.971067165722467, -43.968696257894386, -19.969067165722464]
5046: [-43.97075493828952, -19.962031910854076, -43.96875493828952, -19.960031910854074]
5047: [-43.970813586533446, -19.952996646631348, -43.96881358653345, -19.950996646631346]
5048: [-43.97087220263454, -19.943961373057824, -43.96887220263454, -19.941961373057822]
5049: [-43.970930786601116, -19.934926090137072, -43.96893078660112, -19.93292609013707]
5050: [-43.970989338441534, -19.92589079787262, -43.96898933844154, -19.923890797872616]
5051: [-43.97104785816412, -19.916855496268038, -43.969047858164124, -19.914855496268036]
5052: [-43.97110634577723, -19.907820185326887, -43.969106345777234, -19.905820185326885]
5053: [-43.97116480128917, -19.898784865052715, -43.969164801289175, -19.896784865052712]
5054: [-43.97122322470826, -19.88974953544907, -43.969223224708266, -19.887749535449068]
5055: [-43.97128161604283, -19.880714196519534, -43.969281616042835, -19.87871419651953]
4846: [-43.99368906737706, -19.962163553779632, -43.99168906737707, -19.96016355377963]
4847: [-43.993746410605496, -19.95312822504208, -43.9917464106055, -19.951128225042076]
4848: [-43.993803722406206, -19.94409288696083, -43.99180372240621, -19.94209288696083]
4849: [-43.993861002787355, -19.935057539539436, -43.99186100278736, -19.933057539539433]
4850: [-43.99391825175711, -19.926022182781438, -43.99191825175711, -19.924022182781435]
4851: [-43.99397546932363, -19.9169868166904, -43.991975469323634, -19.914986816690398]
4852: [-43.994032655495054, -19.907951441269862, -43.99203265549506, -19.90595144126986]
4853: [-43.99408981027951, -19.89891605652338, -43.992089810279516, -19.896916056523377]
4854: [-43.99414693368515, -19.8898806624545, -43.992146933685156, -19.8878806624545]
4855: [-43.994204025720116, -19.880845259066792, -43.99220402572012, -19.87884525906679]
4856: [-43.99426108639249, -19.871809846363785, -43.992261086392496, -19.869809846363783]
4857: [-43.99431811571042, -19.86277442434905, -43.992318115710425, -19.860774424349046]
4858: [-43.994375113682025, -19.853738993026134, -43.99237511368203, -19.85173899302613]
4859: [-43.99443208031539, -19.844703552398606, -43.992432080315396, -19.842703552398604]
4860: [-43.994489015618626, -19.835668102470013, -43.99248901561863, -19.83366810247001]
4861: [-43.99454591959985, -19.826632643243922, -43.992545919599856, -19.82463264324392]
4862: [-43.994602792267116, -19.817597174723883, -43.99260279226712, -19.81559717472388]
4863: [-43.99465963362854, -19.80856169691346, -43.99265963362854, -19.80656169691346]
4864: [-43.99471644369217, -19.799526209816214, -43.992716443692174, -19.797526209816212]
4865: [-43.9947732224661, -19.79049071343571, -43.992773222466106, -19.788490713435706]
4866: [-43.99482996995841, -19.781455207775505, -43.992829969958414, -19.779455207775502]
4939: [-43.98181511906439, -20.025344917219062, -43.9798151190644, -20.02334491721906]
4940: [-43.98187333753516, -20.01630968608734, -43.97987333753517, -20.014309686087337]
4941: [-43.98193152416268, -20.007274445583562, -43.97993152416269, -20.00527444558356]
4942: [-43.98198967895529, -19.998239195711285, -43.97998967895529, -19.996239195711283]
4943: [-43.98204780192121, -19.989203936474055, -43.980047801921216, -19.987203936474053]
4944: [-43.982105893068784, -19.980168667875407, -43.98010589306879, -19.978168667875405]
4945: [-43.98216395240627, -19.971133389918897, -43.98016395240627, -19.969133389918895]
4946: [-43.982221979941954, -19.96209810260807, -43.98022197994196, -19.960098102608068]
4947: [-43.982279975684065, -19.953062805946463, -43.98027997568407, -19.95106280594646]
4948: [-43.98233793964091, -19.94402749993764, -43.98033793964091, -19.942027499937637]
4949: [-43.982395871820714, -19.934992184585152, -43.98039587182072, -19.93299218458515]
4742: [-44.00492912640512, -19.99836961268573, -44.00292912640513, -19.99636961268573]
4743: [-44.00498594146942, -19.989334289631397, -44.002985941469426, -19.987334289631395]
4744: [-44.00504272543126, -19.980298957222683, -44.003042725431264, -19.97829895722268]
4745: [-44.0050994782987, -19.97126361546313, -44.00309947829871, -19.969263615463127]
4746: [-44.005156200079874, -19.96222826435629, -44.00315620007988, -19.96022826435629]
4747: [-44.005212890782836, -19.9531929039057, -44.00321289078284, -19.951192903905696]
4748: [-44.005269550415655, -19.944157534114904, -44.00326955041566, -19.9421575341149]
4749: [-44.0053261789864, -19.935122154987447, -44.003326178986406, -19.933122154987444]
4750: [-44.00538277650316, -19.926086766526875, -44.003382776503166, -19.924086766526873]
4751: [-44.00543934297398, -19.91705136873674, -44.003439342973984, -19.915051368736737]
4752: [-44.005495878406904, -19.908015961620595, -44.00349587840691, -19.906015961620593]
4753: [-44.00555238280999, -19.898980545181978, -44.00355238280999, -19.896980545181975]
4754: [-44.00560885619127, -19.88994511942445, -44.00360885619128, -19.887945119424447]
4755: [-44.005665298558796, -19.880909684351543, -44.0036652985588, -19.87890968435154]
4756: [-44.0057217099206, -19.87187423996683, -44.003721709920605, -19.869874239966826]
4757: [-44.00577809028471, -19.86283878627385, -44.00377809028471, -19.86083878627385]
4758: [-44.00583443965913, -19.853803323276164, -44.00383443965914, -19.85180332327616]
4759: [-44.00589075805188, -19.84476785097733, -44.00389075805189, -19.842767850977328]
4760: [-44.00594704547097, -19.835732369380892, -44.00394704547097, -19.83373236938089]
4761: [-44.00600330192442, -19.826696878490413, -44.00400330192443, -19.82469687849041]
4762: [-44.0060595274202, -19.817661378309445, -44.0040595274202, -19.815661378309443]
4763: [-44.00611572196634, -19.80862586884156, -44.00411572196634, -19.806625868841557]
4764: [-44.006171885570794, -19.7995903500903, -44.0041718855708, -19.797590350090296]
4837: [-43.99317156272451, -20.04348109136653, -43.99117156272452, -20.041481091366528]
4838: [-43.99322918917061, -20.03444584688171, -43.99122918917062, -20.032445846881707]
4839: [-43.993286784115284, -20.02541059302131, -43.99128678411529, -20.023410593021307]
4840: [-43.993344347566726, -20.01637532978887, -43.99134434756673, -20.014375329788866]
4841: [-43.99340187953317, -20.007340057187918, -43.99140187953317, -20.005340057187915]
4842: [-43.9934593800228, -19.998304775222014, -43.9914593800228, -19.99630477522201]
4843: [-43.99351684904382, -19.989269483894688, -43.991516849043826, -19.987269483894686]
4844: [-43.993574286604414, -19.980234183209486, -43.99157428660442, -19.978234183209484]
4845: [-43.99363169271277, -19.971198873169953, -43.99163169271277, -19.96919887316995]
5245: [-43.94776100831507, -19.970932494544176, -43.945761008315074, -19.968932494544173]
5246: [-43.947820994392885, -19.961897305649508, -43.94582099439289, -19.959897305649505]
5247: [-43.94788094760422, -19.952862107393234, -43.94588094760422, -19.95086210739323]
5248: [-43.94794086795758, -19.943826899778912, -43.94594086795758, -19.94182689977891]
5249: [-43.94800075546153, -19.934791682810104, -43.94600075546153, -19.9327916828101]
5250: [-43.948060610124585, -19.925756456490358, -43.94606061012459, -19.923756456490356]
5251: [-43.948120431955275, -19.91672122082323, -43.94612043195528, -19.91472122082323]
5252: [-43.94818022096211, -19.907685975812296, -43.94618022096211, -19.905685975812293]
5253: [-43.94823997715359, -19.898650721461106, -43.946239977153596, -19.896650721461103]
5254: [-43.948299700538264, -19.889615457773214, -43.94629970053827, -19.88761545777321]
5255: [-43.948359391124576, -19.88058018475219, -43.94635939112458, -19.878580184752188]
5256: [-43.948419048921046, -19.871544902401595, -43.94641904892105, -19.869544902401593]
5257: [-43.948478673936165, -19.862509610724995, -43.94647867393617, -19.860509610724993]
5258: [-43.9485382661784, -19.853474309725954, -43.94653826617841, -19.85147430972595]
5259: [-43.94859782565624, -19.844438999408034, -43.94659782565625, -19.84243899940803]
5260: [-43.94865735237816, -19.835403679774803, -43.94665735237817, -19.8334036797748]
5261: [-43.94871684635261, -19.826368350829828, -43.946716846352615, -19.824368350829825]
5262: [-43.948776307588055, -19.81733301257668, -43.94677630758806, -19.815333012576676]
5263: [-43.94883573609295, -19.80829766501892, -43.94683573609296, -19.806297665018917]
5264: [-43.948895131875744, -19.79926230816012, -43.94689513187575, -19.797262308160118]
5265: [-43.94895449494486, -19.79022694200386, -43.94695449494486, -19.788226942003856]
5266: [-43.94901382530875, -19.7811915665537, -43.94701382530875, -19.7791915665537]
5267: [-43.94907312297584, -19.772156181813223, -43.947073122975844, -19.77015618181322]
5344: [-43.9362327821444, -19.979899193582593, -43.934232782144406, -19.97789919358259]
5345: [-43.93629345427792, -19.97086404758803, -43.93429345427793, -19.968864047588028]
5346: [-43.93635409317869, -19.96182889222462, -43.9343540931787, -19.959828892224618]
